[u'1 2', u'2 3 4', u'3 4', u'4 1 5', u'5 3']
[(1, [2]), (2, [3, 4]), (3, [4]), (4, [1, 5]), (5, [3])]
Total Number of nodes
5
Initialization
[(1, 0.2), (2, 0.2), (3, 0.2), (4, 0.2), (5, 0.2)]
Run 30 Iterations
Number of Iterations
1
join results
[(2, ([3, 4], 0.2)), (4, ([1, 5], 0.2)), (1, ([2], 0.2)), (3, ([4], 0.2)), (5, ([3], 0.2))]
contributions
[(3, 0.1), (4, 0.1), (1, 0.1), (5, 0.1), (2, 0.2), (4, 0.2), (3, 0.2)]
accumulations
[(2, 0.2), (4, 0.30000000000000004), (1, 0.1), (3, 0.30000000000000004), (5, 0.1)]
PageRankValues
[(2, 0.2), (4, 0.28500000000000003), (1, 0.115), (3, 0.28500000000000003), (5, 0.115)]
Number of Iterations
2
join results
[(3, ([4], 0.28500000000000003)), (1, ([2], 0.115)), (4, ([1, 5], 0.28500000000000003)), (2, ([3, 4], 0.2)), (5, ([3], 0.115))]
contributions
[(4, 0.28500000000000003), (2, 0.115), (1, 0.14250000000000002), (5, 0.14250000000000002), (3, 0.1), (4, 0.1), (3, 0.115)]
accumulations
[(3, 0.21500000000000002), (1, 0.14250000000000002), (4, 0.385), (2, 0.115), (5, 0.14250000000000002)]
PageRankValues
[(3, 0.21275000000000002), (1, 0.151125), (4, 0.35724999999999996), (2, 0.12775), (5, 0.151125)]
Number of Iterations
3
join results
[(4, ([1, 5], 0.35724999999999996)), (1, ([2], 0.151125)), (5, ([3], 0.151125)), (2, ([3, 4], 0.12775)), (3, ([4], 0.21275000000000002))]
contributions
[(1, 0.17862499999999998), (5, 0.17862499999999998), (2, 0.151125), (3, 0.151125), (3, 0.063875), (4, 0.063875), (4, 0.21275000000000002)]
accumulations
[(4, 0.276625), (1, 0.17862499999999998), (5, 0.17862499999999998), (2, 0.151125), (3, 0.21500000000000002)]
PageRankValues
[(4, 0.26513125000000004), (1, 0.18183124999999997), (5, 0.18183124999999997), (2, 0.15845625), (3, 0.21275000000000002)]
Number of Iterations
4
join results
[(5, ([3], 0.18183124999999997)), (1, ([2], 0.18183124999999997)), (2, ([3, 4], 0.15845625)), (3, ([4], 0.21275000000000002)), (4, ([1, 5], 0.26513125000000004))]
contributions
[(3, 0.18183124999999997), (2, 0.18183124999999997), (3, 0.079228125), (4, 0.079228125), (4, 0.21275000000000002), (1, 0.13256562500000002), (5, 0.13256562500000002)]
accumulations
[(5, 0.13256562500000002), (1, 0.13256562500000002), (2, 0.18183124999999997), (3, 0.261059375), (4, 0.29197812500000003)]
PageRankValues
[(5, 0.14268078125), (1, 0.14268078125), (2, 0.18455656249999997), (3, 0.25190046874999994), (4, 0.27818140625)]
Number of Iterations
5
join results
[(1, ([2], 0.14268078125)), (2, ([3, 4], 0.18455656249999997)), (3, ([4], 0.25190046874999994)), (4, ([1, 5], 0.27818140625)), (5, ([3], 0.14268078125))]
contributions
[(2, 0.14268078125), (3, 0.09227828124999998), (4, 0.09227828124999998), (4, 0.25190046874999994), (1, 0.139090703125), (5, 0.139090703125), (3, 0.14268078125)]
accumulations
[(1, 0.139090703125), (2, 0.14268078125), (3, 0.23495906249999998), (4, 0.3441787499999999), (5, 0.139090703125)]
PageRankValues
[(1, 0.14822709765624997), (2, 0.1512786640625), (3, 0.229715203125), (4, 0.3225519374999999), (5, 0.14822709765624997)]
Number of Iterations
6
join results
[(1, ([2], 0.14822709765624997)), (2, ([3, 4], 0.1512786640625)), (3, ([4], 0.229715203125)), (4, ([1, 5], 0.3225519374999999)), (5, ([3], 0.14822709765624997))]
contributions
[(2, 0.14822709765624997), (3, 0.07563933203125), (4, 0.07563933203125), (4, 0.229715203125), (1, 0.16127596874999994), (5, 0.16127596874999994), (3, 0.14822709765624997)]
accumulations
[(1, 0.16127596874999994), (2, 0.14822709765624997), (3, 0.22386642968749998), (4, 0.30535453515625), (5, 0.16127596874999994)]
PageRankValues
[(1, 0.16708457343749994), (2, 0.15599303300781248), (3, 0.22028646523437498), (4, 0.2895513548828125), (5, 0.16708457343749994)]
Number of Iterations
7
join results
[(1, ([2], 0.16708457343749994)), (2, ([3, 4], 0.15599303300781248)), (3, ([4], 0.22028646523437498)), (4, ([1, 5], 0.2895513548828125)), (5, ([3], 0.16708457343749994))]
contributions
[(2, 0.16708457343749994), (3, 0.07799651650390624), (4, 0.07799651650390624), (4, 0.22028646523437498), (1, 0.14477567744140624), (5, 0.14477567744140624), (3, 0.16708457343749994)]
accumulations
[(1, 0.14477567744140624), (2, 0.16708457343749994), (3, 0.24508108994140618), (4, 0.2982829817382812), (5, 0.14477567744140624)]
PageRankValues
[(1, 0.1530593258251953), (2, 0.17202188742187494), (3, 0.23831892645019526), (4, 0.283540534477539), (5, 0.1530593258251953)]
Number of Iterations
8
join results
[(1, ([2], 0.1530593258251953)), (2, ([3, 4], 0.17202188742187494)), (3, ([4], 0.23831892645019526)), (4, ([1, 5], 0.283540534477539)), (5, ([3], 0.1530593258251953))]
contributions
[(2, 0.1530593258251953), (3, 0.08601094371093747), (4, 0.08601094371093747), (4, 0.23831892645019526), (1, 0.1417702672387695), (5, 0.1417702672387695), (3, 0.1530593258251953)]
accumulations
[(1, 0.1417702672387695), (2, 0.1530593258251953), (3, 0.23907026953613275), (4, 0.32432987016113274), (5, 0.1417702672387695)]
PageRankValues
[(1, 0.1505047271529541), (2, 0.160100426951416), (3, 0.23320972910571283), (4, 0.30568038963696287), (5, 0.1505047271529541)]
Number of Iterations
9
join results
[(1, ([2], 0.1505047271529541)), (2, ([3, 4], 0.160100426951416)), (3, ([4], 0.23320972910571283)), (4, ([1, 5], 0.30568038963696287)), (5, ([3], 0.1505047271529541))]
contributions
[(2, 0.1505047271529541), (3, 0.080050213475708), (4, 0.080050213475708), (4, 0.23320972910571283), (1, 0.15284019481848143), (5, 0.15284019481848143), (3, 0.1505047271529541)]
accumulations
[(1, 0.15284019481848143), (2, 0.1505047271529541), (3, 0.2305549406286621), (4, 0.3132599425814208), (5, 0.15284019481848143)]
PageRankValues
[(1, 0.1599141655957092), (2, 0.15792901808001097), (3, 0.22597169953436277), (4, 0.29627095119420765), (5, 0.1599141655957092)]
Number of Iterations
10
join results
[(1, ([2], 0.1599141655957092)), (2, ([3, 4], 0.15792901808001097)), (3, ([4], 0.22597169953436277)), (4, ([1, 5], 0.29627095119420765)), (5, ([3], 0.1599141655957092))]
contributions
[(2, 0.1599141655957092), (3, 0.07896450904000549), (4, 0.07896450904000549), (4, 0.22597169953436277), (1, 0.14813547559710383), (5, 0.14813547559710383), (3, 0.1599141655957092)]
accumulations
[(1, 0.14813547559710383), (2, 0.1599141655957092), (3, 0.2388786746357147), (4, 0.30493620857436826), (5, 0.14813547559710383)]
PageRankValues
[(1, 0.15591515425753824), (2, 0.1659270407563528), (3, 0.2330468734403575), (4, 0.289195777288213), (5, 0.15591515425753824)]
Number of Iterations
11
join results
[(1, ([2], 0.15591515425753824)), (2, ([3, 4], 0.1659270407563528)), (3, ([4], 0.2330468734403575)), (4, ([1, 5], 0.289195777288213)), (5, ([3], 0.15591515425753824))]
contributions
[(2, 0.15591515425753824), (3, 0.0829635203781764), (4, 0.0829635203781764), (4, 0.2330468734403575), (1, 0.1445978886441065), (5, 0.1445978886441065), (3, 0.15591515425753824)]
accumulations
[(1, 0.1445978886441065), (2, 0.15591515425753824), (3, 0.23887867463571466), (4, 0.3160103938185339), (5, 0.1445978886441065)]
PageRankValues
[(1, 0.1529082053474905), (2, 0.1625278811189075), (3, 0.23304687344035746), (4, 0.29860883474575384), (5, 0.1529082053474905)]
Number of Iterations
12
join results
[(1, ([2], 0.1529082053474905)), (2, ([3, 4], 0.1625278811189075)), (3, ([4], 0.23304687344035746)), (4, ([1, 5], 0.29860883474575384)), (5, ([3], 0.1529082053474905))]
contributions
[(2, 0.1529082053474905), (3, 0.08126394055945375), (4, 0.08126394055945375), (4, 0.23304687344035746), (1, 0.14930441737287692), (5, 0.14930441737287692), (3, 0.1529082053474905)]
accumulations
[(1, 0.14930441737287692), (2, 0.1529082053474905), (3, 0.23417214590694424), (4, 0.3143108139998112), (5, 0.14930441737287692)]
PageRankValues
[(1, 0.15690875476694538), (2, 0.1599719745453669), (3, 0.2290463240209026), (4, 0.29716419189983956), (5, 0.15690875476694538)]
Number of Iterations
13
join results
[(1, ([2], 0.15690875476694538)), (2, ([3, 4], 0.1599719745453669)), (3, ([4], 0.2290463240209026)), (4, ([1, 5], 0.29716419189983956)), (5, ([3], 0.15690875476694538))]
contributions
[(2, 0.15690875476694538), (3, 0.07998598727268345), (4, 0.07998598727268345), (4, 0.2290463240209026), (1, 0.14858209594991978), (5, 0.14858209594991978), (3, 0.15690875476694538)]
accumulations
[(1, 0.14858209594991978), (2, 0.15690875476694538), (3, 0.23689474203962885), (4, 0.30903231129358605), (5, 0.14858209594991978)]
PageRankValues
[(1, 0.15629478155743182), (2, 0.16337244155190356), (3, 0.2313605307336845), (4, 0.29267746459954813), (5, 0.15629478155743182)]
Number of Iterations
14
join results
[(1, ([2], 0.15629478155743182)), (2, ([3, 4], 0.16337244155190356)), (3, ([4], 0.2313605307336845)), (4, ([1, 5], 0.29267746459954813)), (5, ([3], 0.15629478155743182))]
contributions
[(2, 0.15629478155743182), (3, 0.08168622077595178), (4, 0.08168622077595178), (4, 0.2313605307336845), (1, 0.14633873229977407), (5, 0.14633873229977407), (3, 0.15629478155743182)]
accumulations
[(1, 0.14633873229977407), (2, 0.15629478155743182), (3, 0.2379810023333836), (4, 0.3130467515096363), (5, 0.14633873229977407)]
PageRankValues
[(1, 0.15438792245480795), (2, 0.16285056432381703), (3, 0.23228385198337606), (4, 0.2960897387831909), (5, 0.15438792245480795)]
Number of Iterations
15
join results
[(1, ([2], 0.15438792245480795)), (2, ([3, 4], 0.16285056432381703)), (3, ([4], 0.23228385198337606)), (4, ([1, 5], 0.2960897387831909)), (5, ([3], 0.15438792245480795))]
contributions
[(2, 0.15438792245480795), (3, 0.08142528216190852), (4, 0.08142528216190852), (4, 0.23228385198337606), (1, 0.14804486939159545), (5, 0.14804486939159545), (3, 0.15438792245480795)]
accumulations
[(1, 0.14804486939159545), (2, 0.15438792245480795), (3, 0.23581320461671645), (4, 0.31370913414528456), (5, 0.14804486939159545)]
PageRankValues
[(1, 0.15583813898285612), (2, 0.16122973408658675), (3, 0.230441223924209), (4, 0.29665276402349183), (5, 0.15583813898285612)]
Number of Iterations
16
join results
[(1, ([2], 0.15583813898285612)), (2, ([3, 4], 0.16122973408658675)), (3, ([4], 0.230441223924209)), (4, ([1, 5], 0.29665276402349183)), (5, ([3], 0.15583813898285612))]
contributions
[(2, 0.15583813898285612), (3, 0.08061486704329338), (4, 0.08061486704329338), (4, 0.230441223924209), (1, 0.14832638201174592), (5, 0.14832638201174592), (3, 0.15583813898285612)]
accumulations
[(1, 0.14832638201174592), (2, 0.15583813898285612), (3, 0.2364530060261495), (4, 0.31105609096750236), (5, 0.14832638201174592)]
PageRankValues
[(1, 0.15607742470998404), (2, 0.1624624181354277), (3, 0.23098505512222706), (4, 0.294397677322377), (5, 0.15607742470998404)]
Number of Iterations
17
join results
[(1, ([2], 0.15607742470998404)), (2, ([3, 4], 0.1624624181354277)), (3, ([4], 0.23098505512222706)), (4, ([1, 5], 0.294397677322377)), (5, ([3], 0.15607742470998404))]
contributions
[(2, 0.15607742470998404), (3, 0.08123120906771385), (4, 0.08123120906771385), (4, 0.23098505512222706), (1, 0.1471988386611885), (5, 0.1471988386611885), (3, 0.15607742470998404)]
accumulations
[(1, 0.1471988386611885), (2, 0.15607742470998404), (3, 0.2373086337776979), (4, 0.3122162641899409), (5, 0.1471988386611885)]
PageRankValues
[(1, 0.1551190128620102), (2, 0.16266581100348643), (3, 0.23171233871104321), (4, 0.29538382456144974), (5, 0.1551190128620102)]
Number of Iterations
18
join results
[(1, ([2], 0.1551190128620102)), (2, ([3, 4], 0.16266581100348643)), (3, ([4], 0.23171233871104321)), (4, ([1, 5], 0.29538382456144974)), (5, ([3], 0.1551190128620102))]
contributions
[(2, 0.1551190128620102), (3, 0.08133290550174321), (4, 0.08133290550174321), (4, 0.23171233871104321), (1, 0.14769191228072487), (5, 0.14769191228072487), (3, 0.1551190128620102)]
accumulations
[(1, 0.14769191228072487), (2, 0.1551190128620102), (3, 0.23645191836375343), (4, 0.31304524421278646), (5, 0.14769191228072487)]
PageRankValues
[(1, 0.15553812543861614), (2, 0.16185116093270868), (3, 0.2309841306091904), (4, 0.29608845758086844), (5, 0.15553812543861614)]
Number of Iterations
19
join results
[(1, ([2], 0.15553812543861614)), (2, ([3, 4], 0.16185116093270868)), (3, ([4], 0.2309841306091904)), (4, ([1, 5], 0.29608845758086844)), (5, ([3], 0.15553812543861614))]
contributions
[(2, 0.15553812543861614), (3, 0.08092558046635434), (4, 0.08092558046635434), (4, 0.2309841306091904), (1, 0.14804422879043422), (5, 0.14804422879043422), (3, 0.15553812543861614)]
accumulations
[(1, 0.14804422879043422), (2, 0.15553812543861614), (3, 0.23646370590497048), (4, 0.31190971107554477), (5, 0.14804422879043422)]
PageRankValues
[(1, 0.15583759447186907), (2, 0.1622074066228237), (3, 0.2309941500192249), (4, 0.29512325441421305), (5, 0.15583759447186907)]
Number of Iterations
20
join results
[(1, ([2], 0.15583759447186907)), (2, ([3, 4], 0.1622074066228237)), (3, ([4], 0.2309941500192249)), (4, ([1, 5], 0.29512325441421305)), (5, ([3], 0.15583759447186907))]
contributions
[(2, 0.15583759447186907), (3, 0.08110370331141185), (4, 0.08110370331141185), (4, 0.2309941500192249), (1, 0.14756162720710653), (5, 0.14756162720710653), (3, 0.15583759447186907)]
accumulations
[(1, 0.14756162720710653), (2, 0.15583759447186907), (3, 0.23694129778328094), (4, 0.3120978533306368), (5, 0.14756162720710653)]
PageRankValues
[(1, 0.15542738312604054), (2, 0.1624619553010887), (3, 0.2314001031157888), (4, 0.2952831753310412), (5, 0.15542738312604054)]
Number of Iterations
21
join results
[(1, ([2], 0.15542738312604054)), (2, ([3, 4], 0.1624619553010887)), (3, ([4], 0.2314001031157888)), (4, ([1, 5], 0.2952831753310412)), (5, ([3], 0.15542738312604054))]
contributions
[(2, 0.15542738312604054), (3, 0.08123097765054435), (4, 0.08123097765054435), (4, 0.2314001031157888), (1, 0.1476415876655206), (5, 0.1476415876655206), (3, 0.15542738312604054)]
accumulations
[(1, 0.1476415876655206), (2, 0.15542738312604054), (3, 0.2366583607765849), (4, 0.31263108076633317), (5, 0.1476415876655206)]
PageRankValues
[(1, 0.1554953495156925), (2, 0.16211327565713446), (3, 0.23115960666009716), (4, 0.2957364186513832), (5, 0.1554953495156925)]
Number of Iterations
22
join results
[(1, ([2], 0.1554953495156925)), (2, ([3, 4], 0.16211327565713446)), (3, ([4], 0.23115960666009716)), (4, ([1, 5], 0.2957364186513832)), (5, ([3], 0.1554953495156925))]
contributions
[(2, 0.1554953495156925), (3, 0.08105663782856723), (4, 0.08105663782856723), (4, 0.23115960666009716), (1, 0.1478682093256916), (5, 0.1478682093256916), (3, 0.1554953495156925)]
accumulations
[(1, 0.1478682093256916), (2, 0.1554953495156925), (3, 0.23655198734425972), (4, 0.31221624448866436), (5, 0.1478682093256916)]
PageRankValues
[(1, 0.15568797792683786), (2, 0.16217104708833863), (3, 0.23106918924262076), (4, 0.29538380781536466), (5, 0.15568797792683786)]
Number of Iterations
23
join results
[(1, ([2], 0.15568797792683786)), (2, ([3, 4], 0.16217104708833863)), (3, ([4], 0.23106918924262076)), (4, ([1, 5], 0.29538380781536466)), (5, ([3], 0.15568797792683786))]
contributions
[(2, 0.15568797792683786), (3, 0.08108552354416931), (4, 0.08108552354416931), (4, 0.23106918924262076), (1, 0.14769190390768233), (5, 0.14769190390768233), (3, 0.15568797792683786)]
accumulations
[(1, 0.14769190390768233), (2, 0.15568797792683786), (3, 0.23677350147100718), (4, 0.3121547127867901), (5, 0.14769190390768233)]
PageRankValues
[(1, 0.15553811832152997), (2, 0.16233478123781217), (3, 0.2312574762503561), (4, 0.29533150586877155), (5, 0.15553811832152997)]
Number of Iterations
24
join results
[(1, ([2], 0.15553811832152997)), (2, ([3, 4], 0.16233478123781217)), (3, ([4], 0.2312574762503561)), (4, ([1, 5], 0.29533150586877155)), (5, ([3], 0.15553811832152997))]
contributions
[(2, 0.15553811832152997), (3, 0.08116739061890609), (4, 0.08116739061890609), (4, 0.2312574762503561), (1, 0.14766575293438577), (5, 0.14766575293438577), (3, 0.15553811832152997)]
accumulations
[(1, 0.14766575293438577), (2, 0.15553811832152997), (3, 0.23670550894043607), (4, 0.3124248668692622), (5, 0.14766575293438577)]
PageRankValues
[(1, 0.1555158899942279), (2, 0.16220740057330046), (3, 0.23119968259937065), (4, 0.29556113683887286), (5, 0.1555158899942279)]
Number of Iterations
25
join results
[(1, ([2], 0.1555158899942279)), (2, ([3, 4], 0.16220740057330046)), (3, ([4], 0.23119968259937065)), (4, ([1, 5], 0.29556113683887286)), (5, ([3], 0.1555158899942279))]
contributions
[(2, 0.1555158899942279), (3, 0.08110370028665023), (4, 0.08110370028665023), (4, 0.23119968259937065), (1, 0.14778056841943643), (5, 0.14778056841943643), (3, 0.1555158899942279)]
accumulations
[(1, 0.14778056841943643), (2, 0.1555158899942279), (3, 0.23661959028087814), (4, 0.3123033828860209), (5, 0.14778056841943643)]
PageRankValues
[(1, 0.15561348315652096), (2, 0.16218850649509373), (3, 0.2311266517387464), (4, 0.29545787545311775), (5, 0.15561348315652096)]
Number of Iterations
26
join results
[(1, ([2], 0.15561348315652096)), (2, ([3, 4], 0.16218850649509373)), (3, ([4], 0.2311266517387464)), (4, ([1, 5], 0.29545787545311775)), (5, ([3], 0.15561348315652096))]
contributions
[(2, 0.15561348315652096), (3, 0.08109425324754686), (4, 0.08109425324754686), (4, 0.2311266517387464), (1, 0.14772893772655887), (5, 0.14772893772655887), (3, 0.15561348315652096)]
accumulations
[(1, 0.14772893772655887), (2, 0.15561348315652096), (3, 0.23670773640406784), (4, 0.3122209049862933), (5, 0.14772893772655887)]
PageRankValues
[(1, 0.15556959706757503), (2, 0.16227146068304282), (3, 0.23120157594345767), (4, 0.2953877692383493), (5, 0.15556959706757503)]
Number of Iterations
27
join results
[(1, ([2], 0.15556959706757503)), (2, ([3, 4], 0.16227146068304282)), (3, ([4], 0.23120157594345767)), (4, ([1, 5], 0.2953877692383493)), (5, ([3], 0.15556959706757503))]
contributions
[(2, 0.15556959706757503), (3, 0.08113573034152141), (4, 0.08113573034152141), (4, 0.23120157594345767), (1, 0.14769388461917465), (5, 0.14769388461917465), (3, 0.15556959706757503)]
accumulations
[(1, 0.14769388461917465), (2, 0.15556959706757503), (3, 0.23670532740909644), (4, 0.3123373062849791), (5, 0.14769388461917465)]
PageRankValues
[(1, 0.15553980192629846), (2, 0.16223415750743878), (3, 0.23119952829773197), (4, 0.2954867103422322), (5, 0.15553980192629846)]
Number of Iterations
28
join results
[(1, ([2], 0.15553980192629846)), (2, ([3, 4], 0.16223415750743878)), (3, ([4], 0.23119952829773197)), (4, ([1, 5], 0.2954867103422322)), (5, ([3], 0.15553980192629846))]
contributions
[(2, 0.15553980192629846), (3, 0.08111707875371939), (4, 0.08111707875371939), (4, 0.23119952829773197), (1, 0.1477433551711161), (5, 0.1477433551711161), (3, 0.15553980192629846)]
accumulations
[(1, 0.1477433551711161), (2, 0.15553980192629846), (3, 0.23665688068001783), (4, 0.31231660705145137), (5, 0.1477433551711161)]
PageRankValues
[(1, 0.15558185189544868), (2, 0.1622088316373537), (3, 0.23115834857801515), (4, 0.2954691159937336), (5, 0.15558185189544868)]
Number of Iterations
29
join results
[(1, ([2], 0.15558185189544868)), (2, ([3, 4], 0.1622088316373537)), (3, ([4], 0.23115834857801515)), (4, ([1, 5], 0.2954691159937336)), (5, ([3], 0.15558185189544868))]
contributions
[(2, 0.15558185189544868), (3, 0.08110441581867685), (4, 0.08110441581867685), (4, 0.23115834857801515), (1, 0.1477345579968668), (5, 0.1477345579968668), (3, 0.15558185189544868)]
accumulations
[(1, 0.1477345579968668), (2, 0.15558185189544868), (3, 0.23668626771412554), (4, 0.312262764396692), (5, 0.1477345579968668)]
PageRankValues
[(1, 0.15557437429733678), (2, 0.16224457411113138), (3, 0.2311833275570067), (4, 0.2954233497371882), (5, 0.15557437429733678)]
=== Final PageRankValues ===
[(1, 0.15557437429733678), (2, 0.16224457411113138), (3, 0.2311833275570067), (4, 0.2954233497371882), (5, 0.15557437429733678)]

